date,from,to,credited,debited,available,status,transaction_id,type
2024-07-26,Issued Expenses,ganesh shirke,0,5000,17980,TRUE,121A7019,NET BANK
2024-07-26,Issued Expenses,tempo repaire,0,20000,22980,TRUE,121A7020,NET BANK
2024-07-24,NET BANK,Inventory Payment -- GOOD PLY,0,17780,42980,TRUE,121A7021,NET BANK
2024-07-24,Client Payment,426 - NAIR DREAMS,30000,0,60760,TRUE,121A7022,NET BANK
2024-07-24,Client Payment,428 - SWANANDI DIGITAL HOUSE,13098,0,30760,TRUE,121A7023,NET BANK
2024-07-18,Issued Expenses,SAIF,0,-1202,17662,TRUE,121A7024,NET BANK
2024-07-17,Issued Expenses,SAIF,0,2295,18864,TRUE,121A7025,NET BANK
2024-07-17,Issued Expenses,PRADEEP VEER,0,-670,21159,TRUE,121A7026,NET BANK
2024-07-17,Issued Expenses,PRADNYA JADHAV,0,12970,21829,TRUE,121A7027,NET BANK
2024-07-17,Issued Expenses,PRADEEP VEER,0,12970,34799,TRUE,121A7028,NET BANK
2024-07-16,Issued Expenses,COMMITION,0,20000,47769,TRUE,121A7029,NET BANK
2024-07-16,Issued Expenses,KIRAN SAPKAL,0,8400,67769,TRUE,121A7030,NET BANK
2024-07-16,Issued Expenses,KIRAN SAPKAL,0,14810,76169,TRUE,121A7031,NET BANK
2024-07-16,Issued Expenses,SAMADHAN KARANDI,0,7649,90979,TRUE,121A7032,NET BANK
2024-07-16,Issued Expenses,GANESH SHIRKE,0,28017,98628,TRUE,121A7033,NET BANK
2024-07-16,Issued Expenses,AMMAN,0,1934,126645,TRUE,121A7034,NET BANK
2024-07-16,Issued Expenses,MANGESH SHIRKE,0,8225,128579,TRUE,121A7035,NET BANK
2024-07-16,Issued Expenses,LOKENDRA BHUL,0,21310,136804,TRUE,121A7036,NET BANK
2024-07-10,NET BANK,Client Payment 403 - KLE Society's Science and Commerce College,0,94,158746,TRUE,121A7037,NET BANK
2024-07-10,Client Payment,403 - KLE Society's Science and Commerce College,143346,0,158840,TRUE,121A7038,NET BANK
2024-07-05,Client Payment,426 - NAIR DREAMS,10000,0,15494,TRUE,121A7039,NET BANK
2024-07-05,Issued Expenses,EMI,0,27619,5494,TRUE,121A7040,NET BANK
2024-07-05,Issued Expenses,EMI,0,27884,33113,TRUE,121A7041,NET BANK
2024-07-05,Issued Expenses,EMI,0,26917,60997,TRUE,121A7042,NET BANK
2024-07-04,Issued Expenses,EMI,0,21553,87914,TRUE,121A7043,NET BANK
2024-07-03,Client Payment,401 - NAIR DREAMS,10944,0,109467,TRUE,121A7044,NET BANK
2024-07-03,Client Payment,1005 - ALL INDIA INSTITUTE OF LOCAL SELF GOVERNMENT,27305,0,98523,TRUE,121A7045,NET BANK
2024-07-02,Issued Expenses,EMI,0,25868,71218,TRUE,121A7046,NET BANK
2024-07-01,Client Payment,401 - NAIR DREAMS,14800,0,97086,TRUE,121A7047,NET BANK
2024-07-01,Client Payment,422 - Rupa Renaissance Ltd.,5850,0,88136,TRUE,121A7048,NET BANK
2024-07-01,Opening Balance,NET BANK,-21179.69,0,82286,TRUE,121A7049,NET BANK
2024-06-22,Returned Client Payment,422 - Rupa Renaissance Ltd.,0,5850,82286,TRUE,121A7050,NET BANK
2024-06-15,Vendor Refund undeﬁned - SAI SALES,NET BANK,13623,0,131520,TRUE,121A7051,NET BANK
2024-06-15,Vendor Refund undeﬁned - SAI SALES,NET BANK,401,0,117897,TRUE,121A7052,NET BANK
2024-06-13,Client Payment,8,0,7014.77,3208.77,TRUE,121A7053,NET BANK
2024-06-13,Client Payment,8,7014.77,0,110480.46,TRUE,121A7054,NET BANK
2024-06-13,Client Payment,8,0,7014.77,124510,TRUE,121A7055,NET BANK
2024-06-13,NET BANK,Vendor 8,0,-0.77,117495.23,TRUE,121A7056,NET BANK
2024-06-13,NET BANK,Vendor 1,0,-1,117496,TRUE,121A7057,NET BANK
2024-06-13,NET BANK,Inventory Payment -- SAI SALES,0,7014,117497,TRUE,121A7058,NET BANK
2024-06-13,NET BANK,Inventory Payment -- SAI SALES,0,400,124511,TRUE,121A7059,NET BANK
2024-06-13,NET BANK,Inventory Payment -- SAI SALES,0,13623,124911,TRUE,121A7060,NET BANK
2024-06-12,Client Payment 403 - KLE Society's Science and Commerce College,NET BANK,1,0,126646,TRUE,121A7061,NET BANK
2024-06-12,Client Payment 403 - KLE Society's Science and Commerce College,NET BANK,1,0,126646,TRUE,121A7062,NET BANK
2024-06-12,Client Payment,402 - Rupa Renaissance Ltd.,16500,0,138534,TRUE,121A7063,NET BANK
2024-06-12,Client Payment,403 - KLE Society's Science and Commerce College,100000,0,122034,TRUE,121A7064,NET BANK
2024-06-11,NET BANK,CASH,0,3193,-14840,TRUE,121A7065,NET BANK
2024-06-11,NET BANK,Inventory Payment -- AMBIKA ALLUMINIUM,0,7150,-21990,TRUE,121A7066,NET BANK
2024-06-11,Client Payment,401 - NAIR DREAMS,30000,0,8010,TRUE,121A7067,NET BANK
2024-06-10,NET BANK,Inventory Payment -- SAI SALES,0,13623,-11647,TRUE,121A7068,NET BANK
2024-06-08,Client Payment,401 - NAIR DREAMS,16000,0,1976,TRUE,121A7069,NET BANK
2024-06-06,NET BANK,Inventory Payment -- SAI SALES,0,14024,-14024,TRUE,121A7070,NET BANK